37A
RIVET
96
120879,917451,0
120879,631451,0
120879,301651,0
120879,15651,0
1980346,701875,0
1980346,233721,0
0,0,0
0,0,0
96708,126873,35602
96708,126873,64602
L4A
RIVET
48
120879,774620,0
120879,158831,0
0,0,0
0,0,0
1980346,697500,0
1980346,234000,0
0,0,0
0,0,0
0,21000,44602
0,21000,64602
L3A
RIVET
48
121700,774620,0
121700,158831,0
0,0,0
0,0,0
1980346,697500,0
1980346,234000,0
0,0,0
0,0,0
30000,50000,54602
30000,50000,64602
L1A
RIVET
96
122457,917076,0
122457,631954,0
122457,303514,0
122457,16551,0
1986001,701875,0
1986001,233721,0
0,0,0
0,0,0
67151,93004,35374
54895,76779,55965
E3A
RIVET
96
120879,919451,0
120879,634451,0
120879,300651,0
120879,18651,0
1980346,701875,0
1980346,233721,0
0,0,0
0,0,0
400170,550170,40602
400170,550170,64602
APA
RIVET
96
121379,918451,0
121379,632451,0
121379,300651,0
121379,15651,0
1980346,697500,0
1980346,234000,0
0,0,0
0,0,0
66500,84120,35550
80034,110034,64602
M1A
RIVET
96
119879,919451,0
119879,633451,0
119879,301651,0
119879,16651,0
1980346,701875,0
1980346,233721,0
0,0,0
0,0,0
96708,124873,35602
96708,124873,104602
L2A
RIVET
96
122457,917076,0
122457,631954,0
122457,303514,0
122457,16551,0
1986001,701875,0
1986001,233721,0
0,0,0
0,0,0
67151,93004,35374
54895,76779,55965
M3A
RIVET
96
121379,918451,0
121379,632451,0
121379,302755,0
121379,17754,0
1980346,697500,0
1980346,234000,0
0,0,0
0,0,0
75863,88334,54841
80034,92528,54841
M4A
RIVET
96
121379,918451,0
121379,632451,0
121379,302755,0
121379,17754,0
1980346,697500,0
1980346,234000,0
0,0,0
0,0,0
75863,93334,54841
80034,92528,69841
HKMC
RIVET
24
120879,774620,0
120879,158831,0
0,0,0
0,0,0
1980346,697500,0
1980346,234000,0
0,0,0
0,0,0
0,21000,44602
0,21000,64602
