37A
RIVET
96
120879,917451,0
120879,631451,0
120879,301651,0
120879,15651,0
1980346,807947,0
1980346,576947,0
1980346,345947,0
1980346,114947,0
96708,126873,44602
96708,126873,64602
L4A
RIVET
48
120879,774620,0
120879,158831,0
0,0,0
0,0,0
1980346,697500,0
1980346,234000,0
0,0,0
0,0,0
0,21000,44602
0,21000,64602
L3A
RIVET
48
121700,774620,0
121700,158831,0
0,0,0
0,0,0
1980346,697500,0
1980346,234000,0
0,0,0
0,0,0
30000,50000,54602
30000,50000,64602
L1A
RIVET
96
122457,917076,0
122457,631954,0
122457,303514,0
122457,16551,0
1986001,809066,0
1986001,577898,0
1986001,349102,0
1986001,116304,0
67151,93004,42374
54895,76779,55965
E3A
RIVET
96
120879,915451,0
120879,630451,0
120879,300651,0
120879,15651,0
1980346,804947,0
1980346,573947,0
1980346,342947,0
1980346,111947,0
80034,110034,44602
80034,110034,64602
APA
RIVET
96
121379,918451,0
121379,632451,0
121379,300651,0
121379,15651,0
1980346,697500,0
1980346,234000,0
0,0,0
0,0,0
66500,84120,30550
80034,110034,64602
