37A
RIVET
96
120879,917451,0
120879,631451,0
120879,301651,0
120879,15651,0
1980346,701875,0
1980346,233721,0
0,0,0
0,0,0
96708,126873,35602
96708,126873,64602
L1A
RIVET
96
122457,917076,0
122457,631954,0
122457,303514,0
122457,16551,0
1986001,701875,0
1986001,233721,0
0,0,0
0,0,0
67151,93004,35374
54895,76779,55965
E3A
RIVET
96
120879,919451,0
120879,634451,0
120879,300651,0
120879,18651,0
1980346,701875,0
1980346,233721,0
0,0,0
0,0,0
80034,110034,40602
80034,110034,64602
APA
RIVET
96
121379,918451,0
121379,632451,0
121379,300651,0
121379,15651,0
1980346,697500,0
1980346,234000,0
0,0,0
0,0,0
66500,84120,35550
80034,110034,64602
M1A
RIVET
96
119879,919451,0
119879,633451,0
119879,301651,0
119879,16651,0
1980346,701875,0
1980346,233721,0
0,0,0
0,0,0
96708,124873,35602
96708,124873,104602
L2A
RIVET
96
122457,917076,0
122457,631954,0
122457,303514,0
122457,16551,0
1986001,701875,0
1986001,233721,0
0,0,0
0,0,0
67151,93004,35374
54895,76779,55965
M3A
RIVET
96
121379,918451,0
121379,632451,0
121379,302755,0
121379,17754,0
1980346,697500,0
1980346,234000,0
0,0,0
0,0,0
75863,88334,54841
80034,92528,54841
M4A
RIVET
96
121379,918451,0
121379,632451,0
121379,302755,0
121379,17754,0
1980346,697500,0
1980346,234000,0
0,0,0
0,0,0
75863,93334,54841
80034,92528,69841
T1A
RIVET
24
120900,774600,0
120900,158800,0
0,0,0
0,0,0
1980300,697500,0
1980300,234000,0
0,0,0
0,0,0
45000,67000,45000
0,67000,105000
F3A
RIVET
48
120900,776600,0
120900,158800,0
0,0,0
0,0,0
1980300,697500,0
1980300,234000,0
0,0,0
0,0,0
43500,63000,45000
0,67000,125000
F4A
RIVET
48
120900,774600,0
120900,158800,0
0,0,0
0,0,0
1980300,697500,0
1980300,234000,0
0,0,0
0,0,0
45000,67000,45000
0,67000,115000
F2A
RIVET
48
120900,776600,0
120900,158800,0
0,0,0
0,0,0
1980300,697500,0
1980300,234000,0
0,0,0
0,0,0
43500,63000,45000
0,67000,125000
F5A
RIVET
48
120900,774000,0
120900,158000,0
0,0,0
0,0,0
1980300,697500,0
1980300,234000,0
0,0,0
0,0,0
45000,66000,55000
0,66000,127000
F6A
RIVET
48
119000,774000,0
119000,158000,0
0,0,0
0,0,0
1980300,697500,0
1980300,234000,0
0,0,0
0,0,0
50000,73000,57000
0,73000,135000
M6A
RIVET
96
121500,918000,0
121500,636000,0
121500,304000,0
121500,18000,0
1980346,697500,0
1980346,234000,0
0,0,0
0,0,0
62000,81000,57000
62000,81000,137000
M7A
RIVET
96
120500,918450,0
121500,632450,0
121000,302650,0
120500,16700,0
1980346,697500,0
1980346,234000,0
0,0,0
0,0,0
66500,84500,55000
66500,84500,102000
M8A
RIVET
96
120500,918450,0
121500,632450,0
121000,302650,0
121000,16700,0
1980346,697500,0
1980346,234000,0
0,0,0
0,0,0
66500,84500,55000
66500,84500,103000
T3A
RIVET
24
120900,774600,0
120900,158800,0
0,0,0
0,0,0
1980300,697500,0
1980300,234000,0
0,0,0
0,0,0
45000,67000,45000
0,67000,140000
